4 3
31 41 59
16 18 33
20 13 14
11 45 14

5 5
979 725 68 856 918
522 145 949 729 1000
978 144 788 381 858
571 194 677 344 710
896 536 257 811 921

10 10
9609 9060 8609 7616 6879 8810 9889 5980 8754 6503
8823 7451 7233 4594 10000 5062 9173 9588 8720 9351
9361 4031 4378 8981 8267 7433 5237 6996 8835 7642
2998 6014 5716 6036 8198 9344 7261 9863 7078 8365
5955 2223 5535 40 44 9102 6350 9707 9881 5101
7483 1508 5398 5920 6017 63 6960 92 5083 7803
8941 1124 6440 8060 7327 6210 68 7327 131 9038
5821 1067 5316 683 513 6993 6618 6925 164 8923
5779 6797 879 9711 5805 361 275 231 5815 8733
9425 6007 8442 5433 6304 7348 5192 7639 5798 9787
